===================  Hopfield: Fit report  ===================
3 3 3 3 3 -1 -3 -3 -1 -1 -1 -3 -3 -1 -1 -1 1 3 1 -1 -3 -3 -1 -3 1 -3 -1 -3 -3 1 1 3 1 1 1 
3 3 3 3 3 -1 -3 -3 -1 -1 -1 -3 -3 -1 -1 -1 1 3 1 -1 -3 -3 -1 -3 1 -3 -1 -3 -3 1 1 3 1 1 1 
3 3 3 3 3 -1 -3 -3 -1 -1 -1 -3 -3 -1 -1 -1 1 3 1 -1 -3 -3 -1 -3 1 -3 -1 -3 -3 1 1 3 1 1 1 
3 3 3 3 3 -1 -3 -3 -1 -1 -1 -3 -3 -1 -1 -1 1 3 1 -1 -3 -3 -1 -3 1 -3 -1 -3 -3 1 1 3 1 1 1 
3 3 3 3 3 -1 -3 -3 -1 -1 -1 -3 -3 -1 -1 -1 1 3 1 -1 -3 -3 -1 -3 1 -3 -1 -3 -3 1 1 3 1 1 1 
-1 -1 -1 -1 -1 3 1 1 -1 -1 3 1 1 -1 -1 3 1 -1 1 3 1 1 -1 1 1 1 -1 1 1 1 1 -1 1 1 1 
-3 -3 -3 -3 -3 1 3 3 1 1 1 3 3 1 1 1 -1 -3 -1 1 3 3 1 3 -1 3 1 3 3 -1 -1 -3 -1 -1 -1 
-3 -3 -3 -3 -3 1 3 3 1 1 1 3 3 1 1 1 -1 -3 -1 1 3 3 1 3 -1 3 1 3 3 -1 -1 -3 -1 -1 -1 
-1 -1 -1 -1 -1 -1 1 1 3 -1 -1 1 1 3 -1 -1 -3 -1 -3 -1 1 1 3 1 -3 1 3 1 1 -3 -3 -1 -3 -3 -3 
-1 -1 -1 -1 -1 -1 1 1 -1 3 -1 1 1 -1 3 -1 1 -1 1 -1 1 1 -1 1 1 1 -1 1 1 1 1 -1 1 1 1 
-1 -1 -1 -1 -1 3 1 1 -1 -1 3 1 1 -1 -1 3 1 -1 1 3 1 1 -1 1 1 1 -1 1 1 1 1 -1 1 1 1 
-3 -3 -3 -3 -3 1 3 3 1 1 1 3 3 1 1 1 -1 -3 -1 1 3 3 1 3 -1 3 1 3 3 -1 -1 -3 -1 -1 -1 
-3 -3 -3 -3 -3 1 3 3 1 1 1 3 3 1 1 1 -1 -3 -1 1 3 3 1 3 -1 3 1 3 3 -1 -1 -3 -1 -1 -1 
-1 -1 -1 -1 -1 -1 1 1 3 -1 -1 1 1 3 -1 -1 -3 -1 -3 -1 1 1 3 1 -3 1 3 1 1 -3 -3 -1 -3 -3 -3 
-1 -1 -1 -1 -1 -1 1 1 -1 3 -1 1 1 -1 3 -1 1 -1 1 -1 1 1 -1 1 1 1 -1 1 1 1 1 -1 1 1 1 
-1 -1 -1 -1 -1 3 1 1 -1 -1 3 1 1 -1 -1 3 1 -1 1 3 1 1 -1 1 1 1 -1 1 1 1 1 -1 1 1 1 
1 1 1 1 1 1 -1 -1 -3 1 1 -1 -1 -3 1 1 3 1 3 1 -1 -1 -3 -1 3 -1 -3 -1 -1 3 3 1 3 3 3 
3 3 3 3 3 -1 -3 -3 -1 -1 -1 -3 -3 -1 -1 -1 1 3 1 -1 -3 -3 -1 -3 1 -3 -1 -3 -3 1 1 3 1 1 1 
1 1 1 1 1 1 -1 -1 -3 1 1 -1 -1 -3 1 1 3 1 3 1 -1 -1 -3 -1 3 -1 -3 -1 -1 3 3 1 3 3 3 
-1 -1 -1 -1 -1 3 1 1 -1 -1 3 1 1 -1 -1 3 1 -1 1 3 1 1 -1 1 1 1 -1 1 1 1 1 -1 1 1 1 
-3 -3 -3 -3 -3 1 3 3 1 1 1 3 3 1 1 1 -1 -3 -1 1 3 3 1 3 -1 3 1 3 3 -1 -1 -3 -1 -1 -1 
-3 -3 -3 -3 -3 1 3 3 1 1 1 3 3 1 1 1 -1 -3 -1 1 3 3 1 3 -1 3 1 3 3 -1 -1 -3 -1 -1 -1 
-1 -1 -1 -1 -1 -1 1 1 3 -1 -1 1 1 3 -1 -1 -3 -1 -3 -1 1 1 3 1 -3 1 3 1 1 -3 -3 -1 -3 -3 -3 
-3 -3 -3 -3 -3 1 3 3 1 1 1 3 3 1 1 1 -1 -3 -1 1 3 3 1 3 -1 3 1 3 3 -1 -1 -3 -1 -1 -1 
1 1 1 1 1 1 -1 -1 -3 1 1 -1 -1 -3 1 1 3 1 3 1 -1 -1 -3 -1 3 -1 -3 -1 -1 3 3 1 3 3 3 
-3 -3 -3 -3 -3 1 3 3 1 1 1 3 3 1 1 1 -1 -3 -1 1 3 3 1 3 -1 3 1 3 3 -1 -1 -3 -1 -1 -1 
-1 -1 -1 -1 -1 -1 1 1 3 -1 -1 1 1 3 -1 -1 -3 -1 -3 -1 1 1 3 1 -3 1 3 1 1 -3 -3 -1 -3 -3 -3 
-3 -3 -3 -3 -3 1 3 3 1 1 1 3 3 1 1 1 -1 -3 -1 1 3 3 1 3 -1 3 1 3 3 -1 -1 -3 -1 -1 -1 
-3 -3 -3 -3 -3 1 3 3 1 1 1 3 3 1 1 1 -1 -3 -1 1 3 3 1 3 -1 3 1 3 3 -1 -1 -3 -1 -1 -1 
1 1 1 1 1 1 -1 -1 -3 1 1 -1 -1 -3 1 1 3 1 3 1 -1 -1 -3 -1 3 -1 -3 -1 -1 3 3 1 3 3 3 
1 1 1 1 1 1 -1 -1 -3 1 1 -1 -1 -3 1 1 3 1 3 1 -1 -1 -3 -1 3 -1 -3 -1 -1 3 3 1 3 3 3 
3 3 3 3 3 -1 -3 -3 -1 -1 -1 -3 -3 -1 -1 -1 1 3 1 -1 -3 -3 -1 -3 1 -3 -1 -3 -3 1 1 3 1 1 1 
1 1 1 1 1 1 -1 -1 -3 1 1 -1 -1 -3 1 1 3 1 3 1 -1 -1 -3 -1 3 -1 -3 -1 -1 3 3 1 3 3 3 
1 1 1 1 1 1 -1 -1 -3 1 1 -1 -1 -3 1 1 3 1 3 1 -1 -1 -3 -1 3 -1 -3 -1 -1 3 3 1 3 3 3 
1 1 1 1 1 1 -1 -1 -3 1 1 -1 -1 -3 1 1 3 1 3 1 -1 -1 -3 -1 3 -1 -3 -1 -1 3 3 1 3 3 3 



===================   Undistorted Data   ===================
11111
00001
00001
01110
00001
00001
11111

11111
10000
10000
11111
00001
00001
11111

11111
00010
00010
00100
00100
01000
01000

===================   Undistorted Data   ===================
11111
00001
00001
01110
00001
00001
11111

11111
10000
10000
11111
00001
00001
11111

11111
00010
00010
00100
00100
01000
01000

